$ANSIBLE_VAULT;1.1;AES256
64393233646432623763386666336662373338346237646530666665323532663032633766313639
6564333264323765623738663064303838353435643335330a383339643531616638376233656338
36633632383236306639643364306637336233633934363832623039663730613534653830383834
3737346230623661370a613331303063373830376236393034646338333261356663326566393335
64376137346635626538326436303636376562323133616636313538626131356663383338626662
64663736363761393166333837623538666663633765616438303564666232326632623561363335
39366538613962646535323238646531646433376165636166623733643831383065373966643561
61666238316463333830336330653339643034336166626664366365653635396339373564396130
36353164633663373936316133396233383637373662376437396531323431616139646636363432
36613337303439363130396664303232353632363837633065643933336163393839306231373334
37623334353634643239626366393462646532323438346435396264363030383838666366303736
65613833396362633837653036306465323363643661323963626333626439356134643436383938
35303266323365386465623835313533653336313835373832653731323031666635646630333830
38303439386439646561633432653162663837313539306535373536376431613963393936383234
34333761616436343964636634363139666432343035313238626333653031393130613032336363
33383637626563376639386562623763636466666536303063633366366631376535636462316363
39646665303265623132616666313434623961366161303466396435333166363533643533336166
66393366303765356239383661373934626462646232366436313433343537316133336465633066
62663038393861316632623132366662656430343563643736643234353032333833393535623031
35373530396465646664313938396430656334653530316339373431626162393236373833306338
31653463363161393762646130323937633339643630356430623639633935386166656538333366
31653165386235646234336566326432636531626631306332303631323166366235346330333539
37616635333839303438643338626161353265626436666336623236353432373136393263663566
39363961616136316364
